1000
36253
97067
04315
57246
43174
44981
79543
99654
36679
27281
69191
46067
76371
96414
22166
31013
14915
25630
24974
76228
43359
73039
09530
67214
61439
70679
85971
54809
72897
38575
00471
81744
05791
23804
18051
34204
57808
64555
30391
18399
66575
79195
88645
62118
04976
80326
61253
41293
01458
13853
16749
31567
85349
23045
31581
84849
57167
37595
22918
30882
83936
87684
06464
03803
19494
43045
79272
93706
49810
77025
27552
23205
63293
55644
59491
48994
46105
51664
63059
88414
02478
83644
88822
71013
00020
80009
57758
15106
40030
68109
94069
29343
52812
88282
82989
39266
17988
32916
53603
38877
09806
10515
86652
67194
67456
34755
47354
09820
90384
38554
43209
25501
58601
13127
06817
97690
77996
72057
03687
11110
50651
40348
65049
53316
70150
68495
45672
41258
41896
71543
06669
72842
28419
93151
23315
03494
19691
94652
17858
47722
28438
69120
17330
05678
10451
80428
36361
14723
09903
27312
84991
25986
29655
32435
01484
05927
26575
56446
10137
62903
31845
37049
04096
98725
96276
53057
53167
85228
60622
13460
36629
65823
50890
71489
01045
82072
98654
63671
43077
25238
86366
73900
17296
12859
17669
22495
68997
90301
12712
80263
92009
57326
28458
07560
11508
19653
04001
18358
91832
65521
30875
69305
69291
67250
48368
73784
09980
07806
63835
40981
92591
32360
98009
39947
16228
24854
55317
88655
33215
09562
19186
68068
06913
77652
72362
61201
94530
38750
42219
17181
54936
97499
71073
40310
81470
55127
11494
04131
59760
36006
46618
90484
50528
39213
35458
53576
97410
15096
83223
09037
59761
66836
36621
47988
70474
77007
04180
76097
18788
59140
01555
77648
58103
34287
21843
04602
38791
32580
30895
90654
66009
19797
87628
90304
82513
48922
89338
42913
76468
36711
42013
61769
14262
65248
55644
48146
98318
08515
64539
30372
49907
83950
72635
27887
16959
29009
23810
40304
06878
02732
97196
61480
44353
12303
27491
18567
54171
64613
50273
36084
69028
42822
72312
24974
62342
07922
66878
96670
06069
25301
94063
02153
53510
16303
46082
96020
47128
34791
17597
25543
51357
68710
01020
44732
10417
66651
06832
53397
31127
89410
08890
61212
90713
86555
14744
76778
69626
97985
60950
21682
09352
80491
33376
69564
95224
59325
12523
10175
64235
04757
43831
38443
37852
33638
32995
68536
79826
35964
66275
72919
79005
26439
55811
46423
57149
21036
09936
95305
01739
38559
28483
51309
23792
27209
23105
10729
40673
16142
62582
98474
83906
92033
43136
57129
31989
00641
83743
61016
68204
73368
46445
55259
63431
78824
81664
19843
83961
99388
98511
58681
24306
32772
60103
13675
65015
18581
03874
03774
55483
89877
86884
89045
21766
49743
56138
59727
99393
72844
43891
50299
91177
31988
87968
78541
50031
49691
77072
09595
86774
74738
21095
45031
02953
83747
46435
36905
48645
07730
16308
26824
05278
83656
76054
10010
93439
31013
23460
24360
05688
53372
04064
64508
64370
64948
31469
20890
04428
42164
32660
43806
81213
00210
18312
32479
03303
94610
78104
49124
90307
47783
01031
58004
55683
00604
20718
89497
14551
88968
85729
29154
16500
45351
54886
31769
03408
25375
17572
60432
92247
59368
39055
50599
82904
28928
30789
99151
90982
68486
45735
78458
05626
91864
98670
75439
72324
43846
11499
55628
00725
76732
83570
52235
97453
51905
86982
80207
23915
66392
86903
75291
79115
04429
86880
58100
07470
14019
99149
23172
31616
08499
39953
53031
10227
93099
49849
57254
20825
16507
39024
36531
67589
47431
57606
71727
14173
76159
90978
37946
41517
41125
80087
43593
30656
80471
66761
94435
70537
08607
64018
82666
90829
17775
51383
00968
19736
04612
95193
81574
66811
21712
93917
60329
30766
54189
48464
65755
32285
21238
57498
33112
71839
02699
37747
43462
12494
90620
69322
87727
87730
65817
66021
55759
34245
99439
70650
50394
49777
79528
75327
26523
75908
62586
66803
55147
05881
50132
96768
12444
17413
90268
77167
93830
30505
04239
00511
53023
90255
38000
85189
66103
74674
38774
45783
20575
27491
56615
88378
29435
15975
70973
30876
70227
13740
42254
48307
49111
08560
88384
43144
89919
35183
86372
40611
48225
33141
98870
09002
50402
29565
25737
04987
57686
46994
80603
43929
55240
36191
92429
95194
66215
33956
32071
02465
90812
45932
63841
29055
70345
54427
22071
28216
76305
51219
12677
38455
24421
95372
39716
03845
13723
96047
56955
19340
90603
20315
44429
01083
37879
25970
10006
81721
88859
19343
15947
30719
66401
38110
30472
99670
46975
59108
04318
92609
49728
31147
72307
61322
50545
32823
79904
25666
21111
55326
34780
18874
92977
10262
83378
57871
46617
62454
12470
38586
25493
87763
75727
56264
75120
55898
45271
50779
07125
38228
88249
76948
88311
40592
68387
99839
54720
61118
72557
15090
50692
73029
62336
94214
92935
32459
50573
54918
59578
11266
02948
56412
04241
54840
64534
19723
95094
64922
11365
73006
78921
07410
26990
21859
70181
45178
04043
44631
65071
95883
70801
12741
80591
14780
42748
35984
18600
02533
99140
32848
54887
38032
84563
25825
53228
36199
35496
61722
04448
30806
31877
56976
90487
82282
73665
67965
73462
10531
82398
86322
09725
52743
27760
59245
88931
46203
79142
34810
98099
36108
82205
32288
10670
08378
60440
37450
00579
47466
41735
22886
81306
19175
09934
93314
69949
78466
81400
55894
76279
02276
06579
15538
16805
47322
96561
95226
53839
32924
74643
81317
59555
48809
52891
93861
05052
87927
33705
81912
74419
04265
36378
43841
03795
95654
48659
72646
45432
11590
03319
26268
56757
86037
79710
22902
14437
95246
30327
61309
53440
40568
32375
66129
31095
56261
64325
58193
16158
42306
07483
49836
02874
22221
72549
65210
50039
25869
51179
85595
45059
97276
92548
19714
93021
27439
04916
99042
30746
12140
82184
98121
65857
34760
55463
79872
40842
74089
69631
65909
22112
37139
84899
31847
14068
16959
03374
27619
98162
75444
20617
22788
96958
51151
02212
76856
63196
92108
85323
34580
93857
13629
05257
46284
69218
81125
47033
13171
16923
17917
21933
57633
01040
38051
69077
18570
36127
04104
81976
71694
26290
10005
60100
74849
29252
88840
85435
38319
45408
45669
24054
20143
31894
15338
52671
46426
41645
45288
10209
56650
87461
03372
74358
73992
31066
10667
63143
00629
97174
99282
61483
38058
12548
95176
72751
32403
70066
25967
95343